x	y
0.5	34.5
0.5	35.5
0.5	36.5
0.5	37.5
0.5	38.5
0.5	39.5
0.5	40.5
0.5	41.5
0.5	42.5
0.5	43.5
0.5	44.5
0.5	45.5
0.5	46.5
0.5	47.5
0.5	48.5
0.5	49.5
0.5	50.5
0.5	51.5
0.5	52.5
0.5	53.5
0.5	54.5
0.5	55.5
0.5	56.5
0.5	57.5
0.5	58.5
0.5	59.5
1.5	32.5
1.5	33.5
1.5	34.5
1.5	35.5
1.5	36.5
1.5	37.5
1.5	38.5
1.5	39.5
1.5	40.5
1.5	41.5
1.5	42.5
1.5	43.5
1.5	44.5
1.5	45.5
1.5	46.5
1.5	47.5
1.5	48.5
1.5	49.5
1.5	50.5
1.5	51.5
1.5	52.5
1.5	53.5
1.5	54.5
1.5	55.5
1.5	56.5
1.5	57.5
1.5	58.5
1.5	59.5
2.5	31.5
2.5	32.5
2.5	33.5
2.5	35.5
2.5	36.5
2.5	37.5
2.5	38.5
2.5	39.5
2.5	40.5
2.5	41.5
2.5	42.5
2.5	43.5
2.5	44.5
2.5	45.5
2.5	46.5
2.5	47.5
2.5	48.5
2.5	49.5
2.5	50.5
2.5	51.5
2.5	52.5
2.5	53.5
2.5	54.5
2.5	55.5
2.5	56.5
2.5	57.5
2.5	58.5
2.5	59.5
3.5	32.5
3.5	33.5
3.5	34.5
3.5	35.5
3.5	37.5
3.5	38.5
3.5	39.5
3.5	40.5
3.5	41.5
3.5	42.5
3.5	43.5
3.5	44.5
3.5	45.5
3.5	46.5
3.5	47.5
3.5	48.5
3.5	49.5
3.5	50.5
3.5	51.5
3.5	52.5
3.5	53.5
3.5	54.5
3.5	55.5
3.5	56.5
3.5	57.5
3.5	58.5
3.5	59.5
4.5	31.5
4.5	32.5
4.5	33.5
4.5	34.5
4.5	35.5
4.5	37.5
4.5	39.5
4.5	40.5
4.5	41.5
4.5	42.5
4.5	43.5
4.5	44.5
4.5	45.5
4.5	46.5
4.5	47.5
4.5	48.5
4.5	49.5
4.5	50.5
4.5	51.5
4.5	52.5
4.5	53.5
4.5	54.5
4.5	55.5
4.5	56.5
4.5	57.5
4.5	58.5
4.5	59.5
5.5	31.5
5.5	32.5
5.5	34.5
5.5	35.5
5.5	36.5
5.5	37.5
5.5	38.5
5.5	39.5
5.5	40.5
5.5	41.5
5.5	42.5
5.5	43.5
5.5	44.5
5.5	45.5
5.5	46.5
5.5	47.5
5.5	48.5
5.5	49.5
5.5	50.5
5.5	51.5
5.5	52.5
5.5	53.5
5.5	54.5
5.5	55.5
5.5	56.5
5.5	57.5
5.5	58.5
6.5	29.5
6.5	30.5
6.5	31.5
6.5	32.5
6.5	33.5
6.5	36.5
6.5	37.5
6.5	38.5
6.5	39.5
6.5	40.5
6.5	41.5
6.5	42.5
6.5	43.5
6.5	44.5
6.5	45.5
6.5	46.5
6.5	47.5
6.5	48.5
6.5	49.5
6.5	50.5
6.5	51.5
6.5	52.5
6.5	53.5
6.5	54.5
6.5	55.5
6.5	56.5
6.5	57.5
6.5	58.5
7.5	29.5
7.5	31.5
7.5	32.5
7.5	33.5
7.5	36.5
7.5	37.5
7.5	38.5
7.5	39.5
7.5	40.5
7.5	41.5
7.5	42.5
7.5	43.5
7.5	44.5
7.5	45.5
7.5	46.5
7.5	47.5
7.5	48.5
7.5	49.5
7.5	50.5
7.5	51.5
7.5	52.5
7.5	53.5
7.5	54.5
7.5	55.5
7.5	56.5
7.5	57.5
7.5	58.5
8.5	29.5
8.5	31.5
8.5	32.5
8.5	33.5
8.5	34.5
8.5	35.5
8.5	36.5
8.5	37.5
8.5	38.5
8.5	39.5
8.5	40.5
8.5	41.5
8.5	42.5
8.5	43.5
8.5	44.5
8.5	45.5
8.5	46.5
8.5	47.5
8.5	48.5
8.5	49.5
8.5	50.5
8.5	51.5
8.5	52.5
8.5	53.5
8.5	54.5
8.5	55.5
8.5	56.5
8.5	57.5
9.5	27.5
9.5	29.5
9.5	30.5
9.5	31.5
9.5	32.5
9.5	34.5
9.5	35.5
9.5	36.5
9.5	37.5
9.5	38.5
9.5	39.5
9.5	40.5
9.5	41.5
9.5	42.5
9.5	43.5
9.5	44.5
9.5	45.5
9.5	46.5
9.5	47.5
9.5	48.5
9.5	49.5
9.5	50.5
9.5	51.5
9.5	52.5
9.5	53.5
9.5	54.5
9.5	55.5
9.5	56.5
9.5	57.5
10.5	28.5
10.5	29.5
10.5	30.5
10.5	33.5
10.5	34.5
10.5	35.5
10.5	36.5
10.5	37.5
10.5	38.5
10.5	39.5
10.5	40.5
10.5	41.5
10.5	42.5
10.5	43.5
10.5	44.5
10.5	45.5
10.5	46.5
10.5	47.5
10.5	48.5
10.5	49.5
10.5	50.5
10.5	51.5
10.5	52.5
10.5	53.5
10.5	54.5
10.5	55.5
10.5	56.5
10.5	57.5
10.5	58.5
11.5	26.5
11.5	27.5
11.5	28.5
11.5	29.5
11.5	30.5
11.5	32.5
11.5	33.5
11.5	34.5
11.5	35.5
11.5	36.5
11.5	37.5
11.5	38.5
11.5	39.5
11.5	40.5
11.5	41.5
11.5	42.5
11.5	43.5
11.5	44.5
11.5	45.5
11.5	46.5
11.5	47.5
11.5	48.5
11.5	49.5
11.5	50.5
11.5	51.5
11.5	52.5
11.5	53.5
11.5	54.5
11.5	55.5
11.5	56.5
11.5	58.5
12.5	26.5
12.5	27.5
12.5	28.5
12.5	31.5
12.5	32.5
12.5	33.5
12.5	34.5
12.5	35.5
12.5	36.5
12.5	37.5
12.5	38.5
12.5	39.5
12.5	40.5
12.5	41.5
12.5	42.5
12.5	43.5
12.5	44.5
12.5	45.5
12.5	46.5
12.5	47.5
12.5	48.5
12.5	49.5
12.5	50.5
12.5	51.5
12.5	52.5
12.5	53.5
12.5	54.5
12.5	55.5
12.5	56.5
12.5	59.5
13.5	25.5
13.5	26.5
13.5	27.5
13.5	28.5
13.5	30.5
13.5	31.5
13.5	32.5
13.5	33.5
13.5	34.5
13.5	35.5
13.5	36.5
13.5	37.5
13.5	38.5
13.5	39.5
13.5	40.5
13.5	41.5
13.5	42.5
13.5	43.5
13.5	44.5
13.5	45.5
13.5	46.5
13.5	47.5
13.5	48.5
13.5	49.5
13.5	50.5
13.5	51.5
13.5	52.5
13.5	53.5
13.5	54.5
13.5	55.5
13.5	59.5
14.5	25.5
14.5	26.5
14.5	28.5
14.5	30.5
14.5	31.5
14.5	32.5
14.5	33.5
14.5	34.5
14.5	35.5
14.5	36.5
14.5	37.5
14.5	38.5
14.5	39.5
14.5	40.5
14.5	41.5
14.5	42.5
14.5	43.5
14.5	44.5
14.5	45.5
14.5	46.5
14.5	47.5
14.5	48.5
14.5	49.5
14.5	50.5
14.5	51.5
14.5	52.5
14.5	53.5
14.5	54.5
14.5	55.5
15.5	25.5
15.5	27.5
15.5	28.5
15.5	30.5
15.5	31.5
15.5	32.5
15.5	33.5
15.5	34.5
15.5	35.5
15.5	36.5
15.5	37.5
15.5	38.5
15.5	39.5
15.5	40.5
15.5	41.5
15.5	42.5
15.5	43.5
15.5	44.5
15.5	45.5
15.5	46.5
15.5	47.5
15.5	48.5
15.5	49.5
15.5	50.5
15.5	51.5
15.5	52.5
15.5	53.5
15.5	54.5
16.5	25.5
16.5	26.5
16.5	27.5
16.5	28.5
16.5	29.5
16.5	30.5
16.5	31.5
16.5	32.5
16.5	33.5
16.5	34.5
16.5	35.5
16.5	36.5
16.5	37.5
16.5	38.5
16.5	39.5
16.5	40.5
16.5	41.5
16.5	42.5
16.5	43.5
16.5	44.5
16.5	45.5
16.5	46.5
16.5	47.5
16.5	48.5
16.5	49.5
16.5	50.5
16.5	51.5
16.5	52.5
16.5	53.5
16.5	54.5
17.5	25.5
17.5	26.5
17.5	27.5
17.5	28.5
17.5	29.5
17.5	30.5
17.5	31.5
17.5	32.5
17.5	33.5
17.5	34.5
17.5	35.5
17.5	36.5
17.5	37.5
17.5	38.5
17.5	39.5
17.5	40.5
17.5	41.5
17.5	42.5
17.5	43.5
17.5	44.5
17.5	45.5
17.5	46.5
17.5	47.5
17.5	48.5
17.5	49.5
17.5	50.5
17.5	51.5
17.5	52.5
17.5	53.5
17.5	54.5
17.5	58.5
18.5	25.5
18.5	26.5
18.5	27.5
18.5	28.5
18.5	29.5
18.5	30.5
18.5	31.5
18.5	32.5
18.5	33.5
18.5	34.5
18.5	35.5
18.5	36.5
18.5	37.5
18.5	38.5
18.5	39.5
18.5	40.5
18.5	41.5
18.5	42.5
18.5	43.5
18.5	44.5
18.5	45.5
18.5	46.5
18.5	47.5
18.5	48.5
18.5	49.5
18.5	50.5
18.5	51.5
18.5	52.5
18.5	53.5
19.5	25.5
19.5	26.5
19.5	27.5
19.5	28.5
19.5	29.5
19.5	30.5
19.5	31.5
19.5	32.5
19.5	33.5
19.5	34.5
19.5	35.5
19.5	36.5
19.5	37.5
19.5	38.5
19.5	39.5
19.5	40.5
19.5	41.5
19.5	42.5
19.5	43.5
19.5	44.5
19.5	45.5
19.5	46.5
19.5	47.5
19.5	48.5
19.5	49.5
19.5	50.5
19.5	51.5
19.5	52.5
20.5	25.5
20.5	26.5
20.5	27.5
20.5	28.5
20.5	29.5
20.5	30.5
20.5	31.5
20.5	32.5
20.5	33.5
20.5	34.5
20.5	35.5
20.5	36.5
20.5	37.5
20.5	38.5
20.5	39.5
20.5	40.5
20.5	41.5
20.5	42.5
20.5	43.5
20.5	44.5
20.5	45.5
20.5	46.5
20.5	47.5
20.5	48.5
20.5	49.5
20.5	50.5
20.5	51.5
20.5	52.5
21.5	25.5
21.5	26.5
21.5	27.5
21.5	28.5
21.5	29.5
21.5	30.5
21.5	31.5
21.5	32.5
21.5	33.5
21.5	34.5
21.5	35.5
21.5	36.5
21.5	37.5
21.5	38.5
21.5	39.5
21.5	40.5
21.5	41.5
21.5	42.5
21.5	43.5
21.5	44.5
21.5	45.5
21.5	46.5
21.5	47.5
21.5	48.5
21.5	49.5
21.5	51.5
22.5	25.5
22.5	26.5
22.5	27.5
22.5	28.5
22.5	29.5
22.5	30.5
22.5	31.5
22.5	32.5
22.5	33.5
22.5	34.5
22.5	35.5
22.5	36.5
22.5	37.5
22.5	38.5
22.5	39.5
22.5	40.5
22.5	41.5
22.5	42.5
22.5	43.5
22.5	44.5
22.5	45.5
22.5	46.5
22.5	47.5
22.5	48.5
22.5	49.5
22.5	50.5
23.5	25.5
23.5	26.5
23.5	27.5
23.5	28.5
23.5	29.5
23.5	30.5
23.5	31.5
23.5	32.5
23.5	33.5
23.5	34.5
23.5	35.5
23.5	36.5
23.5	37.5
23.5	38.5
23.5	39.5
23.5	40.5
23.5	41.5
23.5	42.5
23.5	43.5
23.5	44.5
23.5	45.5
23.5	46.5
23.5	47.5
23.5	48.5
23.5	50.5
24.5	31.5
24.5	32.5
24.5	33.5
24.5	34.5
24.5	35.5
24.5	36.5
24.5	37.5
24.5	38.5
24.5	39.5
24.5	40.5
24.5	41.5
24.5	42.5
24.5	43.5
24.5	44.5
24.5	45.5
24.5	46.5
24.5	49.5
25.5	31.5
25.5	32.5
25.5	33.5
25.5	34.5
25.5	35.5
25.5	36.5
25.5	37.5
25.5	38.5
25.5	39.5
25.5	40.5
25.5	41.5
25.5	42.5
25.5	43.5
25.5	44.5
25.5	45.5
25.5	46.5
25.5	47.5
25.5	48.5
25.5	49.5
26.5	39.5
26.5	40.5
26.5	41.5
26.5	42.5
26.5	43.5
26.5	44.5
26.5	45.5
26.5	46.5
26.5	47.5
26.5	48.5
27.5	39.5
27.5	40.5
27.5	41.5
27.5	42.5
27.5	43.5
27.5	44.5
27.5	47.5
27.5	49.5
28.5	39.5
28.5	41.5
28.5	42.5
28.5	43.5
28.5	44.5
28.5	46.5
29.5	46.5
